xmin=-300.000000
xmax=200.000000
ymin=0.000000
ymax=22500.000000
