xmin=-500.000000
xmax=100.000000
ymin=0.000000
ymax=22500.000000
