xmin=-200.000000
xmax=100.000000
ymin=0.000000
ymax=5625.000000
