fn='A_1CHN_A_1CHN'
epsilon=1.129988999999999910173
sigma=4.700000000000000177636
cut=4.700000000000000177636
