 emin=-395.12
 emax=99.88
 smin=-483.16
 smax=0
 epsilon=1.12999
 sigma=4.7
 numatoms=64
valTemp=5.2
smin=0.0
smax=0.00157767258252
ymin=0
ymax=0
idxCE=0
