 emin=0.16
 emax=69.94
 smin=-110.882
 smax=-1.95964
 epsilon=1.12999
 sigma=4.7
