 emin=-248.1
 emax=-26.9
 bmax=12.4802
 bmin=0.107421
 epsilon=1.12999
 sigma=4.7
