 emin=-198.8
 emax=49.95
 smin=-387.561
 smax=0
 epsilon=1.12999
 sigma=4.7
 numatoms=1
valTemp=0.5
smin=0.0
smax=0.00277802536744
ymin=0
ymax=0
idxCE=0
