 emin=1.33
 emax=79.81
 bmax=35.9801
 bmin=-1.74588
 epsilon=1.12999
 sigma=4.7
