 emin=-391.28
 emax=99.88
 bmax=11.916
 bmin=-0.0778103
 epsilon=1.12989
 sigma=4.7
