 emin=-248.56
 emax=44
 smin=-382.695
 smax=-10.5889
 epsilon=1.12999
 sigma=4.7
valTemp=0.8
smin=0.0
smax=0.00412265292097
idxCE=0
