 emin=1.33
 emax=79.81
 smin=-118.491
 smax=-8.27453
 epsilon=1.12999
 sigma=4.7
