fn='2CHP_2CHP'
epsilon=4.519955999999999640693
sigma=4.700000000000000177636
cut=9.869999999999999218403

fn='2CHP_1CHN'
epsilon=1.129988999999999910173
sigma=4.700000000000000177636
cut=5.275571627054053358563

fn='1CHN_1CHN'
epsilon=1.129988999999999910173
sigma=4.700000000000000177636
cut=5.275571627054053358563

