 emin=-395.12
 emax=99.88
 bmax=12.2338
 bmin=-0.0345706
 epsilon=1.12999
 sigma=4.7
