 emin=-248.5
 emax=-27.2
 bmax=12.3491
 bmin=0.108901
 epsilon=1.12999
 sigma=4.7
