 emin=0.16
 emax=69.94
 smin=-110.882
 smax=-1.95964
 epsilon=1.12999
 sigma=4.7
valTemp=1.0
smin=0.0
smax=0.00372505890634
idxCE=0
