 emin=1.53
 emax=44.99
 smin=-111.094
 smax=0
 epsilon=1.12999
 sigma=4.7
valTemp=6.0
smin=0.0
smax=0.00224401876519
idxCE=0
