 emin=-248.56
 emax=44
 bmax=12.6806
 bmin=-0.319112
 epsilon=1.12999
 sigma=4.7
