 emin=-248.16
 emax=-12.4
 bmax=13.2433
 bmin=-0.0954378
 epsilon=1.12999
 sigma=4.7
