xmin=-300.000000
xmax=200.000000
