xmin=-200.000000
xmax=100.000000
