xmin=-500.000000
xmax=100.000000
