xmin=-40.000000
xmax=40.000000
