xmin=-5.000000
xmax=145.000000
