xmin=-300.000000
xmax=100.000000
ymin=0.000000
ymax=2000.000000
set view 60,30
