xmin=-320.000000
xmax=80.000000
