xmin=-300.000000
xmax=200.000000
ymin=0.000000
ymax=500.000000
