xmin=-5.000000
xmax=145.000000
ymin=0.000000
ymax=600.000000
