xmin=-500.000000
xmax=100.000000
ymin=0.000000
ymax=3250.000000
cmin=0.000000
cmax=-289.277184
