xmin=-40.000000
xmax=40.000000
ymin=0.000000
ymax=2.500000
cmin=0.000000
cmax=0.000000
