xmin=-320.000000
xmax=80.000000
ymin=0.000000
ymax=150.000000
cmin=0.000000
cmax=-1.000000
